8 machines, 16 executors ( each 2 cores )

execute each request in isolation one at a time
---------------request---------------------------   ---volumes used (time in ms)----------------------------
                                                              16     32     64    128     256     512     all

Fgs://blast-test-requests-sprint6/AFEVGV0P014.json    50   2,727  1,832  3,369  5,682  10,222  18,186  24,186
                                                     100   1,343  1,723
                                                     500   5,690

Fgs://blast-test-requests-sprint6/AFEVHK3N014.json    50   2,986  6,192  9,614 20,336  40,274  72,803 148,455
                                                     100   5,304  9,205
                                                     500  23,081

Fgs://blast-test-requests-sprint6/AFEVJ4EE014.json    50     577    451    652  1,048   1,506   2,517   7,901
                                                     100     588    557
                                                     500   1,170

Fgs://blast-test-requests-sprint6/AFEVKCK9014.json    50   1,297    501    601  1,039   1,345   2,612   3,965
                                                     100     443    755
                                                     500   1,150

Fgs://blast-test-requests-sprint6/AFEVKWCH014.json    50     550    636  1,126  1,771   2,113   3,851   6,684
                                                     100     567    781
                                                     500   1,518

Fgs://blast-test-requests-sprint6/AFEVMVZM014.json    50     445    427    553    877   1,524   2,713   6,115
                                                     100     495    515
                                                     500   1,135

Fgs://blast-test-requests-sprint6/AFEVN6PB014.json    50     919  1,435  2,833  4,795   5,710   8,165  20,903
                                                     100     733    885
                                                     500   3,676

Fgs://blast-test-requests-sprint6/AFEVP7WY014.json    50   1,000  1,736  2,969  5,859   6,407   8,702  18,870
                                                     100     768    995
                                                     500   4,286

Fgs://blast-test-requests-sprint6/AFEVPJZG014.json    50     190    263    440    979   1,688   2,769   5,656
                                                     100     287    329
                                                     500   1,225

Fgs://blast-test-requests-sprint6/AFEVRP93014.json    50   1,507  1,935  3,185  6,367  14,424  25,833  48,524
                                                     100   1,936  3,255
                                                     500   9,634

Fgs://blast-test-requests-sprint6/AFEVX33X014.json    50   1,156  1,673  3,365  6,956  11,488  19,439  35,036
                                                     100   1,258  1,857
                                                     500   5,589

Fgs://blast-test-requests-sprint6/AFEVXPZC014.json    50   7,089 11,663 18,814 44,494  92,115 141,055 402,143
                                                     100  12,308 14,797
                                                     500  60,706

Fgs://blast-test-requests-sprint6/AFEVYG25014.json    50     315    465    551    998   1,507   2,474  39,426
                                                     100     400    466
                                                     500   1,049

Fgs://blast-test-requests-sprint6/AFEW0K6U014.json    50   7,121 13,077 20,882 46,070  84,490 157,038 339,559
                                                     100  12,212 15,233
                                                     500  58,600

Fgs://blast-test-requests-sprint6/AFEW0RN2014.json    50   1,296  1,895  2,989  6,204  11,874  23,647  83,323
                                                     100   1,858  3,293
                                                     500  10,634

Fgs://blast-test-requests-sprint6/AFEW1ETX014.json    50     455    440    673    956   1,401   2,477  17,280
                                                     100     549    388
                                                     500     981

Fgs://blast-test-requests-sprint6/AFEW3RM9014.json    50  11,176 17,170 34,810 79,755 147,627 252,757 521,133
                                                     100  20,633 28,197
                                                     500 111,160

Fgs://blast-test-requests-sprint6/AFEW49AC014.json    50     540    531    820  1,381   1,986   4,597  57,706
                                                     100     701    490
                                                     500   1,184

Fgs://blast-test-requests-sprint6/AFEW4BNB014.json    50   3,233  5,441  8,406 17,497  35,728  79,822 184,427
                                                     100   4,435  8,661
                                                     500  20,944

Fgs://blast-test-requests-sprint6/AFEW5FVK014.json    50  15,356 21,255 43,556 75,629 170,263 332,916 571,100
                                                     100  22,089 31,859
                                                     500 105,308

Fgs://blast-test-requests-sprint6/AFEW60AH014.json    50   1,341  1,805  3,178  6,072  11,692  24,109  92,591
                                                     100   1,939  3,260
                                                     500   8,659

Fgs://blast-test-requests-sprint6/AFEW7DB7014.json    50     571  1,014  1,876  3,258   5,002  10,362  21,431
                                                     100     902  1,341
                                                     500   3,538

Fgs://blast-test-requests-sprint6/AFEW8KKC014.json    50  13,621 18,128 34,151 73,796 141,663 289,029 520,021
                                                     100  21,921 32,560
                                                     500 116,434

Fgs://blast-test-requests-sprint6/AFEWC884014.json    50     986    822  1,481  2,482   3,415   6,698  66,902
                                                     100   1,067    880
                                                     500   2,312

Fgs://blast-test-requests-sprint6/AFEWCZPB014.json    50     384    583    631  1,035   1,811   3,029   8,680
                                                     100     383    539
                                                     500   1,324

Fgs://blast-test-requests-sprint6/AFEWDVPY014.json    50     407    432    665    969   1,520   2,649   5,871
                                                     100     363    576
                                                     500   1,116

Fgs://blast-test-requests-sprint6/AFEWH7UU014.json    50   1,067  2,108  3,297  6,465  13,638  26,218  62,187
                                                     100   1,853  3,899
                                                     500  13,556

according to Kurt this blows up...
Fgs://blast-test-requests-sprint6/AFEVP7WY014.json
Fgs://blast-test-requests-sprint6/AJH5PXXH014.json

execute this list of 27 requests ( the same ones as above ) with different numbers of threads

:src=gs://blast-test-requests-sprint6
AFEVGV0P014.json
AFEVHK3N014.json
AFEVJ4EE014.json
AFEVKCK9014.json
AFEVKWCH014.json
AFEVMVZM014.json
AFEVN6PB014.json
AFEVP7WY014.json
AFEVPJZG014.json
AFEVRP93014.json
AFEVX33X014.json
AFEVXPZC014.json
AFEVYG25014.json
AFEW0K6U014.json
AFEW0RN2014.json
AFEW1ETX014.json
AFEW3RM9014.json
AFEW49AC014.json
AFEW4BNB014.json
AFEW5FVK014.json
AFEW60AH014.json
AFEW7DB7014.json
AFEW8KKC014.json
AFEWC884014.json
AFEWCZPB014.json
AFEWDVPY014.json
AFEWH7UU014.json

---parallel jobs--- ---volumes used ( time in ms )---
                        16      32      64     128     256     512      all
                      1/ex    2/ex    4/ex    8/ex   16/ex   32/ex    68/ex

    1      50       73,587 120,355 237,164 410,926 849,791
           50       76,948 118,001 218,489 403,055 804,312
           50       79,020 116,228 219,771 396,246 824,034
          100      139,780 212,129
          100      140,756 210,047
          100      141,310 207,611
          500      577,138
          500      573,678
          500      572,931

    2      50       58,227 104,448 200,612 346,049 684,648
           50       56,904 104,472 194,935 353,161 687,006
           50       59,801 100,169 196,788 369,505 699,198
          100      114,039 174,078
          100      104,326 172,583
          100      106,572 175,891
          500      398,354
          500      372,175
          500      394,763

    3      50       49,670  91,739 185,344 333,599 643,619
           50       51,578  89,272 188,106 312,861 650,624
           50       50,200  91,029 181,326 326,444 647,046
          100       86,331 141,208
          100       86,394 143,461
          100       85,763 144,099
          500      340,196
          500      334,258
          500      343,556

    4      50       47,574  85,231 178,256 342,929
           50       49,016  85,783 169,876 331,833
           50       47,704  86,359 162,642 324,691
          100       78,414 132,591
          100       79,838 135,718
          100       76,888 135,718
          500      323,666
          500      307,701
          500      312,776

    5      50       47,391  81,777 163,839 317,372
           50       46,905  86,358 162,870 335,926
           50       42,903  82,949 169,263 348,734
          100       72,797 139,497
          100       75,133 136,222
          100       75,247 133,544
          500      307,014
          500      307,963
          500      309,586

    6      50       46,142  91,434 155,764 334,822
           50       44,463  85,163 154,026 337,315
           50       45,460  87,981 153,049 328,458
          100       71,086 130,768
          100       80,905 133,672
          100       79,373 127,615
          500      297,920
          500      300,055
          500      291,265

    7      50       45,036  81,758 168,975 321,112
           50       46,687  84,776 155,609 304,403
           50       46,568  83,657 151,256 310,284
          100       76,159
          100       63,019
          100       64,708
          500      314,874
          500      294,188
          500      298,437

    8      50       48,233  80,683 152,572 313,516
           50       47,676  80,625 159,440 328,378
           50       47,330  80,474 149,059 323,186
          100       73,068
          100       71,853
          100       66,017
          500      314,358
          500      293,392
          500      312,011

    9      50       46,318  80,908 163,356 347,899
           50       42,992  85,757 160,968 324,630
           50       51,554  82,923 161,412 299,566

    10     50       41,492  91,606 153,072 330,334
           50       44,882  77,140 155,358 303,160
           50       41,580  83,960 154,628 302,721

    11     50       41,609  86,537 150,662 310,885
           50       41,992  85,684 155,780 319,671
           50       41,754  85,244 156,536 332,470

